-1	0	0	0	6	15	1	6	0	0	7	15	-1	26	0	0	15	15	-2	1	0	1	6	15	2	7	0	1	7	15	-2	19	0	1	15	15	-2	330	0	2	6	15	2	330	0	2	7	15	-2	20	0	2	15	15	1	0	1	1	6	15	-1	6	1	1	7	15	1	24	1	1	15	15	-2	330	1	6	15	15	2	330	1	7	15	15	-2	20	1	15	15	15	1	0	2	2	6	15	-1	6	2	2	7	15	1	24	2	2	15	15	2	1	2	6	15	15	-2	7	2	7	15	15	2	19	2	15	15	15	-1	0	6	15	15	15	1	6	7	15	15	15	1	2	9	15	15	15	-1	8	10	15	15	15	-1	26	15	15	15	15	0	330	15	15	15	15	0	330	15	15	15	15	0	330	15	15	15	15	0	330	15	15	15	15	0	330	15	15	15	15	0	330	15	15	15	15	0	330	15	15	15	15	0	330	15	15	15	15	0	330	15	15	15	15	0	330	15	15	15	15	0	330	15	15	15	15	0	330	15	15	15	15	0	330	15	15	15	15	0	330	15	15	15	15	0	330	15	15	15	15	0	330	15	15	15	15	0	330	15	15	15	15	0	330	15	15	15	15	0	330	15	15	15	15	0	330	15	15	15	15	0	330	15	15	15	15	0	330	15	15	15	15	0	330	15	15	15	15	0	330	15	15	15	15	0	330	15	15	15	15	0	330	15	15	15	15	0	330	15	15	15	15	0	330	15	15	15	15	0	330	15	15	15	15	0	330	15	15	15	15	0	330	15	15	15	15	0	330	15	15	15	15	0	330	15	15	15	15	0	330	15	15	15	15	0	330	15	15	15	15	0	330	15	15	15	15	0	330	15	15	15	15	0	330	15	15	15	15	0	330	15	15	15	15	0	330	15	15	15	15	0	330	15	15	15	15	0	330	15	15	15	15	0	330	15	15	15	15	0	330	15	15	15	15	0	330	15	15	15	15	0	330	15	15	15	15	0	330	15	15	15	15	0	330	15	15	15	15	0	330	15	15	15	15	0	330	15	15	15	15	0	330	15	15	15	15	0	330	15	15	15	15	0	330	15	15	15	15	0	330	15	15	15	15	0	330	15	15	15	15	0	330	15	15	15	15	0	330	15	15	15	15	0	330	15	15	15	15	0	330	15	15	15	15	0	330	15	15	15	15	0	330	15	15	15	15	0	330	15	15	15	15	0	330	15	15	15	15	0	330	15	15	15	15	0	330	15	15	15	15	0	330	15	15	15	15	0	330	15	15	15	15	0	330	15	15	15	15	0	330	15	15	15	15	0	330	15	15	15	15	0	330	15	15	15	15	0	330	15	15	15	15	0	330	15	15	15	15	0	330	15	15	15	15	
1	1	0	0	6	15	-1	7	0	0	7	15	1	28	0	0	15	15	-2	0	0	1	6	15	2	6	0	1	7	15	-2	18	0	1	15	15	2	330	0	6	15	15	-2	330	0	7	15	15	2	20	0	15	15	15	-1	1	1	1	6	15	1	7	1	1	7	15	-1	30	1	1	15	15	-2	330	1	2	6	15	2	330	1	2	7	15	-2	20	1	2	15	15	1	1	2	2	6	15	-1	7	2	2	7	15	1	28	2	2	15	15	-2	0	2	6	15	15	2	6	2	7	15	15	-2	18	2	15	15	15	-1	1	6	15	15	15	1	7	7	15	15	15	1	3	9	15	15	15	-1	9	10	15	15	15	-1	30	15	15	15	15	0	330	15	15	15	15	0	330	15	15	15	15	0	330	15	15	15	15	0	330	15	15	15	15	0	330	15	15	15	15	0	330	15	15	15	15	0	330	15	15	15	15	0	330	15	15	15	15	0	330	15	15	15	15	0	330	15	15	15	15	0	330	15	15	15	15	0	330	15	15	15	15	0	330	15	15	15	15	0	330	15	15	15	15	0	330	15	15	15	15	0	330	15	15	15	15	0	330	15	15	15	15	0	330	15	15	15	15	0	330	15	15	15	15	0	330	15	15	15	15	0	330	15	15	15	15	0	330	15	15	15	15	0	330	15	15	15	15	0	330	15	15	15	15	0	330	15	15	15	15	0	330	15	15	15	15	0	330	15	15	15	15	0	330	15	15	15	15	0	330	15	15	15	15	0	330	15	15	15	15	0	330	15	15	15	15	0	330	15	15	15	15	0	330	15	15	15	15	0	330	15	15	15	15	0	330	15	15	15	15	0	330	15	15	15	15	0	330	15	15	15	15	0	330	15	15	15	15	0	330	15	15	15	15	0	330	15	15	15	15	0	330	15	15	15	15	0	330	15	15	15	15	0	330	15	15	15	15	0	330	15	15	15	15	0	330	15	15	15	15	0	330	15	15	15	15	0	330	15	15	15	15	0	330	15	15	15	15	0	330	15	15	15	15	0	330	15	15	15	15	0	330	15	15	15	15	0	330	15	15	15	15	0	330	15	15	15	15	0	330	15	15	15	15	0	330	15	15	15	15	0	330	15	15	15	15	0	330	15	15	15	15	0	330	15	15	15	15	0	330	15	15	15	15	0	330	15	15	15	15	0	330	15	15	15	15	0	330	15	15	15	15	0	330	15	15	15	15	0	330	15	15	15	15	0	330	15	15	15	15	0	330	15	15	15	15	0	330	15	15	15	15	0	330	15	15	15	15	0	330	15	15	15	15	0	330	15	15	15	15	0	330	15	15	15	15	0	330	15	15	15	15	0	330	15	15	15	15	0	330	15	15	15	15	
1	330	0	0	6	15	-1	330	0	0	7	15	1	32	0	0	15	15	-2	0	0	2	6	15	2	6	0	2	7	15	-2	18	0	2	15	15	-2	1	0	6	15	15	2	7	0	7	15	15	-2	19	0	15	15	15	1	330	1	1	6	15	-1	330	1	1	7	15	1	32	1	1	15	15	-2	1	1	2	6	15	2	7	1	2	7	15	-2	19	1	2	15	15	2	0	1	6	15	15	-2	6	1	7	15	15	2	18	1	15	15	15	-1	330	2	2	6	15	1	330	2	2	7	15	-1	34	2	2	15	15	-1	330	6	15	15	15	1	330	7	15	15	15	1	330	9	15	15	15	-1	330	10	15	15	15	-1	34	15	15	15	15	0	330	15	15	15	15	0	330	15	15	15	15	0	330	15	15	15	15	0	330	15	15	15	15	0	330	15	15	15	15	0	330	15	15	15	15	0	330	15	15	15	15	0	330	15	15	15	15	0	330	15	15	15	15	0	330	15	15	15	15	0	330	15	15	15	15	0	330	15	15	15	15	0	330	15	15	15	15	0	330	15	15	15	15	0	330	15	15	15	15	0	330	15	15	15	15	0	330	15	15	15	15	0	330	15	15	15	15	0	330	15	15	15	15	0	330	15	15	15	15	0	330	15	15	15	15	0	330	15	15	15	15	0	330	15	15	15	15	0	330	15	15	15	15	0	330	15	15	15	15	0	330	15	15	15	15	0	330	15	15	15	15	0	330	15	15	15	15	0	330	15	15	15	15	0	330	15	15	15	15	0	330	15	15	15	15	0	330	15	15	15	15	0	330	15	15	15	15	0	330	15	15	15	15	0	330	15	15	15	15	0	330	15	15	15	15	0	330	15	15	15	15	0	330	15	15	15	15	0	330	15	15	15	15	0	330	15	15	15	15	0	330	15	15	15	15	0	330	15	15	15	15	0	330	15	15	15	15	0	330	15	15	15	15	0	330	15	15	15	15	0	330	15	15	15	15	0	330	15	15	15	15	0	330	15	15	15	15	0	330	15	15	15	15	0	330	15	15	15	15	0	330	15	15	15	15	0	330	15	15	15	15	0	330	15	15	15	15	0	330	15	15	15	15	0	330	15	15	15	15	0	330	15	15	15	15	0	330	15	15	15	15	0	330	15	15	15	15	0	330	15	15	15	15	0	330	15	15	15	15	0	330	15	15	15	15	0	330	15	15	15	15	0	330	15	15	15	15	0	330	15	15	15	15	0	330	15	15	15	15	0	330	15	15	15	15	0	330	15	15	15	15	0	330	15	15	15	15	0	330	15	15	15	15	0	330	15	15	15	15	0	330	15	15	15	15	0	330	15	15	15	15	0	330	15	15	15	15	0	330	15	15	15	15	
-1	0	0	0	6	15	1	12	0	0	8	15	-1	38	0	0	15	15	-2	1	0	1	6	15	2	13	0	1	8	15	-2	22	0	1	15	15	-2	330	0	2	6	15	2	330	0	2	8	15	-2	23	0	2	15	15	1	0	1	1	6	15	-1	12	1	1	8	15	1	36	1	1	15	15	-2	330	1	6	15	15	2	330	1	8	15	15	-2	23	1	15	15	15	1	0	2	2	6	15	-1	12	2	2	8	15	1	36	2	2	15	15	2	1	2	6	15	15	-2	13	2	8	15	15	2	22	2	15	15	15	-1	0	6	15	15	15	1	12	8	15	15	15	1	2	9	15	15	15	-1	14	11	15	15	15	-1	38	15	15	15	15	0	330	15	15	15	15	0	330	15	15	15	15	0	330	15	15	15	15	0	330	15	15	15	15	0	330	15	15	15	15	0	330	15	15	15	15	0	330	15	15	15	15	0	330	15	15	15	15	0	330	15	15	15	15	0	330	15	15	15	15	0	330	15	15	15	15	0	330	15	15	15	15	0	330	15	15	15	15	0	330	15	15	15	15	0	330	15	15	15	15	0	330	15	15	15	15	0	330	15	15	15	15	0	330	15	15	15	15	0	330	15	15	15	15	0	330	15	15	15	15	0	330	15	15	15	15	0	330	15	15	15	15	0	330	15	15	15	15	0	330	15	15	15	15	0	330	15	15	15	15	0	330	15	15	15	15	0	330	15	15	15	15	0	330	15	15	15	15	0	330	15	15	15	15	0	330	15	15	15	15	0	330	15	15	15	15	0	330	15	15	15	15	0	330	15	15	15	15	0	330	15	15	15	15	0	330	15	15	15	15	0	330	15	15	15	15	0	330	15	15	15	15	0	330	15	15	15	15	0	330	15	15	15	15	0	330	15	15	15	15	0	330	15	15	15	15	0	330	15	15	15	15	0	330	15	15	15	15	0	330	15	15	15	15	0	330	15	15	15	15	0	330	15	15	15	15	0	330	15	15	15	15	0	330	15	15	15	15	0	330	15	15	15	15	0	330	15	15	15	15	0	330	15	15	15	15	0	330	15	15	15	15	0	330	15	15	15	15	0	330	15	15	15	15	0	330	15	15	15	15	0	330	15	15	15	15	0	330	15	15	15	15	0	330	15	15	15	15	0	330	15	15	15	15	0	330	15	15	15	15	0	330	15	15	15	15	0	330	15	15	15	15	0	330	15	15	15	15	0	330	15	15	15	15	0	330	15	15	15	15	0	330	15	15	15	15	0	330	15	15	15	15	0	330	15	15	15	15	0	330	15	15	15	15	0	330	15	15	15	15	0	330	15	15	15	15	0	330	15	15	15	15	0	330	15	15	15	15	0	330	15	15	15	15	
1	1	0	0	6	15	-1	13	0	0	8	15	1	40	0	0	15	15	-2	0	0	1	6	15	2	12	0	1	8	15	-2	21	0	1	15	15	2	330	0	6	15	15	-2	330	0	8	15	15	2	23	0	15	15	15	-1	1	1	1	6	15	1	13	1	1	8	15	-1	42	1	1	15	15	-2	330	1	2	6	15	2	330	1	2	8	15	-2	23	1	2	15	15	1	1	2	2	6	15	-1	13	2	2	8	15	1	40	2	2	15	15	-2	0	2	6	15	15	2	12	2	8	15	15	-2	21	2	15	15	15	-1	1	6	15	15	15	1	13	8	15	15	15	1	3	9	15	15	15	-1	15	11	15	15	15	-1	42	15	15	15	15	0	330	15	15	15	15	0	330	15	15	15	15	0	330	15	15	15	15	0	330	15	15	15	15	0	330	15	15	15	15	0	330	15	15	15	15	0	330	15	15	15	15	0	330	15	15	15	15	0	330	15	15	15	15	0	330	15	15	15	15	0	330	15	15	15	15	0	330	15	15	15	15	0	330	15	15	15	15	0	330	15	15	15	15	0	330	15	15	15	15	0	330	15	15	15	15	0	330	15	15	15	15	0	330	15	15	15	15	0	330	15	15	15	15	0	330	15	15	15	15	0	330	15	15	15	15	0	330	15	15	15	15	0	330	15	15	15	15	0	330	15	15	15	15	0	330	15	15	15	15	0	330	15	15	15	15	0	330	15	15	15	15	0	330	15	15	15	15	0	330	15	15	15	15	0	330	15	15	15	15	0	330	15	15	15	15	0	330	15	15	15	15	0	330	15	15	15	15	0	330	15	15	15	15	0	330	15	15	15	15	0	330	15	15	15	15	0	330	15	15	15	15	0	330	15	15	15	15	0	330	15	15	15	15	0	330	15	15	15	15	0	330	15	15	15	15	0	330	15	15	15	15	0	330	15	15	15	15	0	330	15	15	15	15	0	330	15	15	15	15	0	330	15	15	15	15	0	330	15	15	15	15	0	330	15	15	15	15	0	330	15	15	15	15	0	330	15	15	15	15	0	330	15	15	15	15	0	330	15	15	15	15	0	330	15	15	15	15	0	330	15	15	15	15	0	330	15	15	15	15	0	330	15	15	15	15	0	330	15	15	15	15	0	330	15	15	15	15	0	330	15	15	15	15	0	330	15	15	15	15	0	330	15	15	15	15	0	330	15	15	15	15	0	330	15	15	15	15	0	330	15	15	15	15	0	330	15	15	15	15	0	330	15	15	15	15	0	330	15	15	15	15	0	330	15	15	15	15	0	330	15	15	15	15	0	330	15	15	15	15	0	330	15	15	15	15	0	330	15	15	15	15	0	330	15	15	15	15	0	330	15	15	15	15	
1	330	0	0	6	15	-1	330	0	0	8	15	1	44	0	0	15	15	-2	0	0	2	6	15	2	12	0	2	8	15	-2	21	0	2	15	15	-2	1	0	6	15	15	2	13	0	8	15	15	-2	22	0	15	15	15	1	330	1	1	6	15	-1	330	1	1	8	15	1	44	1	1	15	15	-2	1	1	2	6	15	2	13	1	2	8	15	-2	22	1	2	15	15	2	0	1	6	15	15	-2	12	1	8	15	15	2	21	1	15	15	15	-1	330	2	2	6	15	1	330	2	2	8	15	-1	46	2	2	15	15	-1	330	6	15	15	15	1	330	8	15	15	15	1	330	9	15	15	15	-1	330	11	15	15	15	-1	46	15	15	15	15	0	330	15	15	15	15	0	330	15	15	15	15	0	330	15	15	15	15	0	330	15	15	15	15	0	330	15	15	15	15	0	330	15	15	15	15	0	330	15	15	15	15	0	330	15	15	15	15	0	330	15	15	15	15	0	330	15	15	15	15	0	330	15	15	15	15	0	330	15	15	15	15	0	330	15	15	15	15	0	330	15	15	15	15	0	330	15	15	15	15	0	330	15	15	15	15	0	330	15	15	15	15	0	330	15	15	15	15	0	330	15	15	15	15	0	330	15	15	15	15	0	330	15	15	15	15	0	330	15	15	15	15	0	330	15	15	15	15	0	330	15	15	15	15	0	330	15	15	15	15	0	330	15	15	15	15	0	330	15	15	15	15	0	330	15	15	15	15	0	330	15	15	15	15	0	330	15	15	15	15	0	330	15	15	15	15	0	330	15	15	15	15	0	330	15	15	15	15	0	330	15	15	15	15	0	330	15	15	15	15	0	330	15	15	15	15	0	330	15	15	15	15	0	330	15	15	15	15	0	330	15	15	15	15	0	330	15	15	15	15	0	330	15	15	15	15	0	330	15	15	15	15	0	330	15	15	15	15	0	330	15	15	15	15	0	330	15	15	15	15	0	330	15	15	15	15	0	330	15	15	15	15	0	330	15	15	15	15	0	330	15	15	15	15	0	330	15	15	15	15	0	330	15	15	15	15	0	330	15	15	15	15	0	330	15	15	15	15	0	330	15	15	15	15	0	330	15	15	15	15	0	330	15	15	15	15	0	330	15	15	15	15	0	330	15	15	15	15	0	330	15	15	15	15	0	330	15	15	15	15	0	330	15	15	15	15	0	330	15	15	15	15	0	330	15	15	15	15	0	330	15	15	15	15	0	330	15	15	15	15	0	330	15	15	15	15	0	330	15	15	15	15	0	330	15	15	15	15	0	330	15	15	15	15	0	330	15	15	15	15	0	330	15	15	15	15	0	330	15	15	15	15	0	330	15	15	15	15	0	330	15	15	15	15	
-1	0	3	3	6	15	1	6	3	3	7	15	-1	27	3	3	15	15	-2	1	3	4	6	15	2	7	3	4	7	15	-2	19	3	4	15	15	-2	330	3	5	6	15	2	330	3	5	7	15	-2	20	3	5	15	15	1	0	4	4	6	15	-1	6	4	4	7	15	1	25	4	4	15	15	-2	330	4	6	15	15	2	330	4	7	15	15	-2	20	4	15	15	15	1	0	5	5	6	15	-1	6	5	5	7	15	1	25	5	5	15	15	2	1	5	6	15	15	-2	7	5	7	15	15	2	19	5	15	15	15	-1	0	6	15	15	15	1	6	7	15	15	15	1	4	12	15	15	15	-1	10	13	15	15	15	-1	27	15	15	15	15	0	330	15	15	15	15	0	330	15	15	15	15	0	330	15	15	15	15	0	330	15	15	15	15	0	330	15	15	15	15	0	330	15	15	15	15	0	330	15	15	15	15	0	330	15	15	15	15	0	330	15	15	15	15	0	330	15	15	15	15	0	330	15	15	15	15	0	330	15	15	15	15	0	330	15	15	15	15	0	330	15	15	15	15	0	330	15	15	15	15	0	330	15	15	15	15	0	330	15	15	15	15	0	330	15	15	15	15	0	330	15	15	15	15	0	330	15	15	15	15	0	330	15	15	15	15	0	330	15	15	15	15	0	330	15	15	15	15	0	330	15	15	15	15	0	330	15	15	15	15	0	330	15	15	15	15	0	330	15	15	15	15	0	330	15	15	15	15	0	330	15	15	15	15	0	330	15	15	15	15	0	330	15	15	15	15	0	330	15	15	15	15	0	330	15	15	15	15	0	330	15	15	15	15	0	330	15	15	15	15	0	330	15	15	15	15	0	330	15	15	15	15	0	330	15	15	15	15	0	330	15	15	15	15	0	330	15	15	15	15	0	330	15	15	15	15	0	330	15	15	15	15	0	330	15	15	15	15	0	330	15	15	15	15	0	330	15	15	15	15	0	330	15	15	15	15	0	330	15	15	15	15	0	330	15	15	15	15	0	330	15	15	15	15	0	330	15	15	15	15	0	330	15	15	15	15	0	330	15	15	15	15	0	330	15	15	15	15	0	330	15	15	15	15	0	330	15	15	15	15	0	330	15	15	15	15	0	330	15	15	15	15	0	330	15	15	15	15	0	330	15	15	15	15	0	330	15	15	15	15	0	330	15	15	15	15	0	330	15	15	15	15	0	330	15	15	15	15	0	330	15	15	15	15	0	330	15	15	15	15	0	330	15	15	15	15	0	330	15	15	15	15	0	330	15	15	15	15	0	330	15	15	15	15	0	330	15	15	15	15	0	330	15	15	15	15	0	330	15	15	15	15	0	330	15	15	15	15	0	330	15	15	15	15	
1	1	3	3	6	15	-1	7	3	3	7	15	1	29	3	3	15	15	-2	0	3	4	6	15	2	6	3	4	7	15	-2	18	3	4	15	15	2	330	3	6	15	15	-2	330	3	7	15	15	2	20	3	15	15	15	-1	1	4	4	6	15	1	7	4	4	7	15	-1	31	4	4	15	15	-2	330	4	5	6	15	2	330	4	5	7	15	-2	20	4	5	15	15	1	1	5	5	6	15	-1	7	5	5	7	15	1	29	5	5	15	15	-2	0	5	6	15	15	2	6	5	7	15	15	-2	18	5	15	15	15	-1	1	6	15	15	15	1	7	7	15	15	15	1	5	12	15	15	15	-1	11	13	15	15	15	-1	31	15	15	15	15	0	330	15	15	15	15	0	330	15	15	15	15	0	330	15	15	15	15	0	330	15	15	15	15	0	330	15	15	15	15	0	330	15	15	15	15	0	330	15	15	15	15	0	330	15	15	15	15	0	330	15	15	15	15	0	330	15	15	15	15	0	330	15	15	15	15	0	330	15	15	15	15	0	330	15	15	15	15	0	330	15	15	15	15	0	330	15	15	15	15	0	330	15	15	15	15	0	330	15	15	15	15	0	330	15	15	15	15	0	330	15	15	15	15	0	330	15	15	15	15	0	330	15	15	15	15	0	330	15	15	15	15	0	330	15	15	15	15	0	330	15	15	15	15	0	330	15	15	15	15	0	330	15	15	15	15	0	330	15	15	15	15	0	330	15	15	15	15	0	330	15	15	15	15	0	330	15	15	15	15	0	330	15	15	15	15	0	330	15	15	15	15	0	330	15	15	15	15	0	330	15	15	15	15	0	330	15	15	15	15	0	330	15	15	15	15	0	330	15	15	15	15	0	330	15	15	15	15	0	330	15	15	15	15	0	330	15	15	15	15	0	330	15	15	15	15	0	330	15	15	15	15	0	330	15	15	15	15	0	330	15	15	15	15	0	330	15	15	15	15	0	330	15	15	15	15	0	330	15	15	15	15	0	330	15	15	15	15	0	330	15	15	15	15	0	330	15	15	15	15	0	330	15	15	15	15	0	330	15	15	15	15	0	330	15	15	15	15	0	330	15	15	15	15	0	330	15	15	15	15	0	330	15	15	15	15	0	330	15	15	15	15	0	330	15	15	15	15	0	330	15	15	15	15	0	330	15	15	15	15	0	330	15	15	15	15	0	330	15	15	15	15	0	330	15	15	15	15	0	330	15	15	15	15	0	330	15	15	15	15	0	330	15	15	15	15	0	330	15	15	15	15	0	330	15	15	15	15	0	330	15	15	15	15	0	330	15	15	15	15	0	330	15	15	15	15	0	330	15	15	15	15	0	330	15	15	15	15	0	330	15	15	15	15	
1	330	3	3	6	15	-1	330	3	3	7	15	1	33	3	3	15	15	-2	0	3	5	6	15	2	6	3	5	7	15	-2	18	3	5	15	15	-2	1	3	6	15	15	2	7	3	7	15	15	-2	19	3	15	15	15	1	330	4	4	6	15	-1	330	4	4	7	15	1	33	4	4	15	15	-2	1	4	5	6	15	2	7	4	5	7	15	-2	19	4	5	15	15	2	0	4	6	15	15	-2	6	4	7	15	15	2	18	4	15	15	15	-1	330	5	5	6	15	1	330	5	5	7	15	-1	35	5	5	15	15	-1	330	6	15	15	15	1	330	7	15	15	15	1	330	12	15	15	15	-1	330	13	15	15	15	-1	35	15	15	15	15	0	330	15	15	15	15	0	330	15	15	15	15	0	330	15	15	15	15	0	330	15	15	15	15	0	330	15	15	15	15	0	330	15	15	15	15	0	330	15	15	15	15	0	330	15	15	15	15	0	330	15	15	15	15	0	330	15	15	15	15	0	330	15	15	15	15	0	330	15	15	15	15	0	330	15	15	15	15	0	330	15	15	15	15	0	330	15	15	15	15	0	330	15	15	15	15	0	330	15	15	15	15	0	330	15	15	15	15	0	330	15	15	15	15	0	330	15	15	15	15	0	330	15	15	15	15	0	330	15	15	15	15	0	330	15	15	15	15	0	330	15	15	15	15	0	330	15	15	15	15	0	330	15	15	15	15	0	330	15	15	15	15	0	330	15	15	15	15	0	330	15	15	15	15	0	330	15	15	15	15	0	330	15	15	15	15	0	330	15	15	15	15	0	330	15	15	15	15	0	330	15	15	15	15	0	330	15	15	15	15	0	330	15	15	15	15	0	330	15	15	15	15	0	330	15	15	15	15	0	330	15	15	15	15	0	330	15	15	15	15	0	330	15	15	15	15	0	330	15	15	15	15	0	330	15	15	15	15	0	330	15	15	15	15	0	330	15	15	15	15	0	330	15	15	15	15	0	330	15	15	15	15	0	330	15	15	15	15	0	330	15	15	15	15	0	330	15	15	15	15	0	330	15	15	15	15	0	330	15	15	15	15	0	330	15	15	15	15	0	330	15	15	15	15	0	330	15	15	15	15	0	330	15	15	15	15	0	330	15	15	15	15	0	330	15	15	15	15	0	330	15	15	15	15	0	330	15	15	15	15	0	330	15	15	15	15	0	330	15	15	15	15	0	330	15	15	15	15	0	330	15	15	15	15	0	330	15	15	15	15	0	330	15	15	15	15	0	330	15	15	15	15	0	330	15	15	15	15	0	330	15	15	15	15	0	330	15	15	15	15	0	330	15	15	15	15	0	330	15	15	15	15	0	330	15	15	15	15	0	330	15	15	15	15	
-1	0	3	3	6	15	1	12	3	3	8	15	-1	39	3	3	15	15	-2	1	3	4	6	15	2	13	3	4	8	15	-2	22	3	4	15	15	-2	330	3	5	6	15	2	330	3	5	8	15	-2	23	3	5	15	15	1	0	4	4	6	15	-1	12	4	4	8	15	1	37	4	4	15	15	-2	330	4	6	15	15	2	330	4	8	15	15	-2	23	4	15	15	15	1	0	5	5	6	15	-1	12	5	5	8	15	1	37	5	5	15	15	2	1	5	6	15	15	-2	13	5	8	15	15	2	22	5	15	15	15	-1	0	6	15	15	15	1	12	8	15	15	15	1	4	12	15	15	15	-1	16	14	15	15	15	-1	39	15	15	15	15	0	330	15	15	15	15	0	330	15	15	15	15	0	330	15	15	15	15	0	330	15	15	15	15	0	330	15	15	15	15	0	330	15	15	15	15	0	330	15	15	15	15	0	330	15	15	15	15	0	330	15	15	15	15	0	330	15	15	15	15	0	330	15	15	15	15	0	330	15	15	15	15	0	330	15	15	15	15	0	330	15	15	15	15	0	330	15	15	15	15	0	330	15	15	15	15	0	330	15	15	15	15	0	330	15	15	15	15	0	330	15	15	15	15	0	330	15	15	15	15	0	330	15	15	15	15	0	330	15	15	15	15	0	330	15	15	15	15	0	330	15	15	15	15	0	330	15	15	15	15	0	330	15	15	15	15	0	330	15	15	15	15	0	330	15	15	15	15	0	330	15	15	15	15	0	330	15	15	15	15	0	330	15	15	15	15	0	330	15	15	15	15	0	330	15	15	15	15	0	330	15	15	15	15	0	330	15	15	15	15	0	330	15	15	15	15	0	330	15	15	15	15	0	330	15	15	15	15	0	330	15	15	15	15	0	330	15	15	15	15	0	330	15	15	15	15	0	330	15	15	15	15	0	330	15	15	15	15	0	330	15	15	15	15	0	330	15	15	15	15	0	330	15	15	15	15	0	330	15	15	15	15	0	330	15	15	15	15	0	330	15	15	15	15	0	330	15	15	15	15	0	330	15	15	15	15	0	330	15	15	15	15	0	330	15	15	15	15	0	330	15	15	15	15	0	330	15	15	15	15	0	330	15	15	15	15	0	330	15	15	15	15	0	330	15	15	15	15	0	330	15	15	15	15	0	330	15	15	15	15	0	330	15	15	15	15	0	330	15	15	15	15	0	330	15	15	15	15	0	330	15	15	15	15	0	330	15	15	15	15	0	330	15	15	15	15	0	330	15	15	15	15	0	330	15	15	15	15	0	330	15	15	15	15	0	330	15	15	15	15	0	330	15	15	15	15	0	330	15	15	15	15	0	330	15	15	15	15	0	330	15	15	15	15	
1	1	3	3	6	15	-1	13	3	3	8	15	1	41	3	3	15	15	-2	0	3	4	6	15	2	12	3	4	8	15	-2	21	3	4	15	15	2	330	3	6	15	15	-2	330	3	8	15	15	2	23	3	15	15	15	-1	1	4	4	6	15	1	13	4	4	8	15	-1	43	4	4	15	15	-2	330	4	5	6	15	2	330	4	5	8	15	-2	23	4	5	15	15	1	1	5	5	6	15	-1	13	5	5	8	15	1	41	5	5	15	15	-2	0	5	6	15	15	2	12	5	8	15	15	-2	21	5	15	15	15	-1	1	6	15	15	15	1	13	8	15	15	15	1	5	12	15	15	15	-1	17	14	15	15	15	-1	43	15	15	15	15	0	330	15	15	15	15	0	330	15	15	15	15	0	330	15	15	15	15	0	330	15	15	15	15	0	330	15	15	15	15	0	330	15	15	15	15	0	330	15	15	15	15	0	330	15	15	15	15	0	330	15	15	15	15	0	330	15	15	15	15	0	330	15	15	15	15	0	330	15	15	15	15	0	330	15	15	15	15	0	330	15	15	15	15	0	330	15	15	15	15	0	330	15	15	15	15	0	330	15	15	15	15	0	330	15	15	15	15	0	330	15	15	15	15	0	330	15	15	15	15	0	330	15	15	15	15	0	330	15	15	15	15	0	330	15	15	15	15	0	330	15	15	15	15	0	330	15	15	15	15	0	330	15	15	15	15	0	330	15	15	15	15	0	330	15	15	15	15	0	330	15	15	15	15	0	330	15	15	15	15	0	330	15	15	15	15	0	330	15	15	15	15	0	330	15	15	15	15	0	330	15	15	15	15	0	330	15	15	15	15	0	330	15	15	15	15	0	330	15	15	15	15	0	330	15	15	15	15	0	330	15	15	15	15	0	330	15	15	15	15	0	330	15	15	15	15	0	330	15	15	15	15	0	330	15	15	15	15	0	330	15	15	15	15	0	330	15	15	15	15	0	330	15	15	15	15	0	330	15	15	15	15	0	330	15	15	15	15	0	330	15	15	15	15	0	330	15	15	15	15	0	330	15	15	15	15	0	330	15	15	15	15	0	330	15	15	15	15	0	330	15	15	15	15	0	330	15	15	15	15	0	330	15	15	15	15	0	330	15	15	15	15	0	330	15	15	15	15	0	330	15	15	15	15	0	330	15	15	15	15	0	330	15	15	15	15	0	330	15	15	15	15	0	330	15	15	15	15	0	330	15	15	15	15	0	330	15	15	15	15	0	330	15	15	15	15	0	330	15	15	15	15	0	330	15	15	15	15	0	330	15	15	15	15	0	330	15	15	15	15	0	330	15	15	15	15	0	330	15	15	15	15	0	330	15	15	15	15	0	330	15	15	15	15	
1	330	3	3	6	15	-1	330	3	3	8	15	1	45	3	3	15	15	-2	0	3	5	6	15	2	12	3	5	8	15	-2	21	3	5	15	15	-2	1	3	6	15	15	2	13	3	8	15	15	-2	22	3	15	15	15	1	330	4	4	6	15	-1	330	4	4	8	15	1	45	4	4	15	15	-2	1	4	5	6	15	2	13	4	5	8	15	-2	22	4	5	15	15	2	0	4	6	15	15	-2	12	4	8	15	15	2	21	4	15	15	15	-1	330	5	5	6	15	1	330	5	5	8	15	-1	47	5	5	15	15	-1	330	6	15	15	15	1	330	8	15	15	15	1	330	12	15	15	15	-1	330	14	15	15	15	-1	47	15	15	15	15	0	330	15	15	15	15	0	330	15	15	15	15	0	330	15	15	15	15	0	330	15	15	15	15	0	330	15	15	15	15	0	330	15	15	15	15	0	330	15	15	15	15	0	330	15	15	15	15	0	330	15	15	15	15	0	330	15	15	15	15	0	330	15	15	15	15	0	330	15	15	15	15	0	330	15	15	15	15	0	330	15	15	15	15	0	330	15	15	15	15	0	330	15	15	15	15	0	330	15	15	15	15	0	330	15	15	15	15	0	330	15	15	15	15	0	330	15	15	15	15	0	330	15	15	15	15	0	330	15	15	15	15	0	330	15	15	15	15	0	330	15	15	15	15	0	330	15	15	15	15	0	330	15	15	15	15	0	330	15	15	15	15	0	330	15	15	15	15	0	330	15	15	15	15	0	330	15	15	15	15	0	330	15	15	15	15	0	330	15	15	15	15	0	330	15	15	15	15	0	330	15	15	15	15	0	330	15	15	15	15	0	330	15	15	15	15	0	330	15	15	15	15	0	330	15	15	15	15	0	330	15	15	15	15	0	330	15	15	15	15	0	330	15	15	15	15	0	330	15	15	15	15	0	330	15	15	15	15	0	330	15	15	15	15	0	330	15	15	15	15	0	330	15	15	15	15	0	330	15	15	15	15	0	330	15	15	15	15	0	330	15	15	15	15	0	330	15	15	15	15	0	330	15	15	15	15	0	330	15	15	15	15	0	330	15	15	15	15	0	330	15	15	15	15	0	330	15	15	15	15	0	330	15	15	15	15	0	330	15	15	15	15	0	330	15	15	15	15	0	330	15	15	15	15	0	330	15	15	15	15	0	330	15	15	15	15	0	330	15	15	15	15	0	330	15	15	15	15	0	330	15	15	15	15	0	330	15	15	15	15	0	330	15	15	15	15	0	330	15	15	15	15	0	330	15	15	15	15	0	330	15	15	15	15	0	330	15	15	15	15	0	330	15	15	15	15	0	330	15	15	15	15	0	330	15	15	15	15	0	330	15	15	15	15	
1	235	0	0	3	3	-2	119	0	0	3	4	2	169	0	0	3	5	2	178	0	0	3	15	-1	234	0	0	4	4	2	166	0	0	4	5	-2	175	0	0	4	15	1	228	0	0	5	5	2	122	0	0	5	15	-1	229	0	0	15	15	2	115	0	1	3	3	4	49	0	1	3	4	-4	79	0	1	3	5	4	80	0	1	3	15	-2	116	0	1	4	4	4	75	0	1	4	5	4	73	0	1	4	15	-2	125	0	1	5	5	4	48	0	1	5	15	2	126	0	1	15	15	-2	165	0	2	3	3	4	78	0	2	3	4	4	53	0	2	3	5	-4	311	0	2	3	15	2	164	0	2	4	4	-4	307	0	2	4	5	4	52	0	2	4	15	-2	186	0	2	5	5	-4	66	0	2	5	15	2	187	0	2	15	15	-2	180	0	3	3	15	-4	81	0	3	4	15	4	313	0	3	5	15	4	51	0	3	15	15	2	181	0	4	4	15	-4	50	0	4	5	15	-4	308	0	4	15	15	2	192	0	5	5	15	-4	76	0	5	15	15	-2	193	0	15	15	15	-1	241	1	1	3	3	2	120	1	1	3	4	-2	168	1	1	3	5	-2	179	1	1	3	15	1	240	1	1	4	4	-2	167	1	1	4	5	2	174	1	1	4	15	-1	230	1	1	5	5	-2	129	1	1	5	15	1	231	1	1	15	15	-2	162	1	2	3	3	-4	77	1	2	3	4	4	306	1	2	3	5	4	50	1	2	3	15	2	163	1	2	4	4	-4	51	1	2	4	5	-4	309	1	2	4	15	2	184	1	2	5	5	-4	67	1	2	5	15	-2	185	1	2	15	15	2	171	1	3	3	15	-4	72	1	3	4	15	-4	52	1	3	5	15	4	310	1	3	15	15	-2	170	1	4	4	15	4	312	1	4	5	15	-4	53	1	4	15	15	2	172	1	5	5	15	4	70	1	5	15	15	-2	173	1	15	15	15	-1	226	2	2	3	3	2	123	2	2	3	4	2	188	2	2	3	5	-2	190	2	2	3	15	1	227	2	2	4	4	-2	182	2	2	4	5	-2	176	2	2	4	15	-1	237	2	2	5	5	-2	118	2	2	5	15	1	236	2	2	15	15	-2	124	2	3	3	15	-4	48	2	3	4	15	4	68	2	3	5	15	4	74	2	3	15	15	2	127	2	4	4	15	4	69	2	4	5	15	-4	71	2	4	15	15	2	114	2	5	5	15	-4	49	2	5	15	15	-2	117	2	15	15	15	1	232	3	3	15	15	-2	128	3	4	15	15	-2	189	3	5	15	15	2	191	3	15	15	15	-1	233	4	4	15	15	2	183	4	5	15	15	2	177	4	15	15	15	1	239	5	5	15	15	2	121	5	15	15	15	-1	238	15	15	15	15	
1	283	0	0	3	3	-2	131	0	0	3	4	2	225	0	0	3	5	2	214	0	0	3	15	-1	282	0	0	4	4	2	222	0	0	4	5	-2	211	0	0	4	15	1	276	0	0	5	5	2	134	0	0	5	15	-1	277	0	0	15	15	2	139	0	1	3	3	4	55	0	1	3	4	-4	94	0	1	3	5	4	95	0	1	3	15	-2	140	0	1	4	4	4	93	0	1	4	5	4	91	0	1	4	15	-2	143	0	1	5	5	4	54	0	1	5	15	2	144	0	1	15	15	-2	209	0	2	3	3	4	86	0	2	3	4	4	59	0	2	3	5	-4	321	0	2	3	15	2	208	0	2	4	4	-4	317	0	2	4	5	4	58	0	2	4	15	-2	202	0	2	5	5	-4	88	0	2	5	15	2	203	0	2	15	15	-2	198	0	3	3	15	-4	87	0	3	4	15	4	315	0	3	5	15	4	57	0	3	15	15	2	199	0	4	4	15	-4	56	0	4	5	15	-4	318	0	4	15	15	2	204	0	5	5	15	-4	84	0	5	15	15	-2	205	0	15	15	15	-1	289	1	1	3	3	2	132	1	1	3	4	-2	224	1	1	3	5	-2	215	1	1	3	15	1	288	1	1	4	4	-2	223	1	1	4	5	2	210	1	1	4	15	-1	278	1	1	5	5	-2	137	1	1	5	15	1	279	1	1	15	15	-2	206	1	2	3	3	-4	85	1	2	3	4	4	316	1	2	3	5	4	56	1	2	3	15	2	207	1	2	4	4	-4	57	1	2	4	5	-4	319	1	2	4	15	2	200	1	2	5	5	-4	89	1	2	5	15	-2	201	1	2	15	15	2	195	1	3	3	15	-4	83	1	3	4	15	-4	58	1	3	5	15	4	320	1	3	15	15	-2	194	1	4	4	15	4	314	1	4	5	15	-4	59	1	4	15	15	2	196	1	5	5	15	4	82	1	5	15	15	-2	197	1	15	15	15	-1	274	2	2	3	3	2	135	2	2	3	4	2	218	2	2	3	5	-2	220	2	2	3	15	1	275	2	2	4	4	-2	216	2	2	4	5	-2	212	2	2	4	15	-1	285	2	2	5	5	-2	130	2	2	5	15	1	284	2	2	15	15	-2	142	2	3	3	15	-4	54	2	3	4	15	4	96	2	3	5	15	4	92	2	3	15	15	2	145	2	4	4	15	4	97	2	4	5	15	-4	90	2	4	15	15	2	138	2	5	5	15	-4	55	2	5	15	15	-2	141	2	15	15	15	1	280	3	3	15	15	-2	136	3	4	15	15	-2	219	3	5	15	15	2	221	3	15	15	15	-1	281	4	4	15	15	2	217	4	5	15	15	2	213	4	15	15	15	1	287	5	5	15	15	2	133	5	15	15	15	-1	286	15	15	15	15	
1	299	0	0	3	3	-2	151	0	0	3	4	2	249	0	0	3	5	2	258	0	0	3	15	-1	298	0	0	4	4	2	246	0	0	4	5	-2	255	0	0	4	15	1	292	0	0	5	5	2	154	0	0	5	15	-1	293	0	0	15	15	2	147	0	1	3	3	4	61	0	1	3	4	-4	111	0	1	3	5	4	112	0	1	3	15	-2	148	0	1	4	4	4	107	0	1	4	5	4	105	0	1	4	15	-2	157	0	1	5	5	4	60	0	1	5	15	2	158	0	1	15	15	-2	245	0	2	3	3	4	110	0	2	3	4	4	65	0	2	3	5	-4	327	0	2	3	15	2	244	0	2	4	4	-4	323	0	2	4	5	4	64	0	2	4	15	-2	266	0	2	5	5	-4	98	0	2	5	15	2	267	0	2	15	15	-2	260	0	3	3	15	-4	113	0	3	4	15	4	329	0	3	5	15	4	63	0	3	15	15	2	261	0	4	4	15	-4	62	0	4	5	15	-4	324	0	4	15	15	2	272	0	5	5	15	-4	108	0	5	15	15	-2	273	0	15	15	15	-1	305	1	1	3	3	2	152	1	1	3	4	-2	248	1	1	3	5	-2	259	1	1	3	15	1	304	1	1	4	4	-2	247	1	1	4	5	2	254	1	1	4	15	-1	294	1	1	5	5	-2	161	1	1	5	15	1	295	1	1	15	15	-2	242	1	2	3	3	-4	109	1	2	3	4	4	322	1	2	3	5	4	62	1	2	3	15	2	243	1	2	4	4	-4	63	1	2	4	5	-4	325	1	2	4	15	2	264	1	2	5	5	-4	99	1	2	5	15	-2	265	1	2	15	15	2	251	1	3	3	15	-4	104	1	3	4	15	-4	64	1	3	5	15	4	326	1	3	15	15	-2	250	1	4	4	15	4	328	1	4	5	15	-4	65	1	4	15	15	2	252	1	5	5	15	4	102	1	5	15	15	-2	253	1	15	15	15	-1	290	2	2	3	3	2	155	2	2	3	4	2	268	2	2	3	5	-2	270	2	2	3	15	1	291	2	2	4	4	-2	262	2	2	4	5	-2	256	2	2	4	15	-1	301	2	2	5	5	-2	150	2	2	5	15	1	300	2	2	15	15	-2	156	2	3	3	15	-4	60	2	3	4	15	4	100	2	3	5	15	4	106	2	3	15	15	2	159	2	4	4	15	4	101	2	4	5	15	-4	103	2	4	15	15	2	146	2	5	5	15	-4	61	2	5	15	15	-2	149	2	15	15	15	1	296	3	3	15	15	-2	160	3	4	15	15	-2	269	3	5	15	15	2	271	3	15	15	15	-1	297	4	4	15	15	2	263	4	5	15	15	2	257	4	15	15	15	1	303	5	5	15	15	2	153	5	15	15	15	-1	302	15	15	15	15	